cf= 615.02
cr = 611.27
lf = 752.15
lr = 782.85
m = 270
izz = 47.563
vx = 40 
tr = 1150/2
h = 205
gr = 10.05
rw = 228.6